#       BSFG          |   BSFG with ED   |       CT
# 1 2 3  4   5    6    7   8     9    10   11  12   13   14   15
Z A El a   da   E1  dE1 atil datil  E2  dE2  T    dT   E0   dE0
9 18 F 2.68 47 -1.28 174  2.88 53  -1.49 182  2.33 43  -2.37 186 
9 19 F 2.26 36 -2.52 199  2.13 32  -2.25 189  2.84 50  -3.57 223 
9 20 F 2.86 34 -2.16 133  2.65 30  -1.98 128  2.23 45  -3.49 206 
10 20 Ne  2.24 26  1.46 165  2.31 28  1.32 167  2.94 33  0.29 158 
11 23 Na  3.11 40  0.46 130  3.09 39  0.47 129  2.19 28 -1.03 135 
11 24 Na  2.99 31 -2.41 110  2.88 29  -2.30 108  2.20 62  -3.40 277 
12 24 Mg  3.04 47  3.71 151  3.35 51  3.80 140  2.37 30  1.75 134 
12 25 Mg  3.23 37  0.39 108  3.28 37  0.37 108  2.24 32 -1.47 145 
12 26 Mg  3.32 39  1.37 103  3.28 38  1.40 103  2.05 28  0.20 129 
12 27 Mg  4.58 45  1.61 68  4.42 43  1.63 68  1.46 21  0.33 94 
13 26 Al  2.90 28 -2.91 120  3.16 34  -3.34 131  2.43 23  -4.38 133 
13 27 Al  3.02 44 -0.57 144  3.16 46  -0.75 147  2.19 33  -1.29 148 
13 28 Al  3.60 22 -1.31 70  3.67 22  -1.37 71  1.98 19  -2.69 108 
14 28 Si  3.43 55  4.38 115  4.14 69  4.30 124  2.04 24  3.12 105 
14 29 Si  3.87 46  2.30 87  4.37 58  1.97 100  2.16 27 -0.48 131 
14 30 Si  2.73 29 -0.62 152  2.87 31  -0.71 148  2.49 34  -1.05 167 
15 30 P 3.21 32 -1.31 110  3.74 43  -1.86 126  2.14 25  -2.17 124 
15 31 P 3.58 66  0.47 149  4.01 76  0.24 155  1.84 33 -0.12 139 
15 32 P 3.75 29 -1.21 74  3.95 31  -1.34 76  2.00 35  -2.79 167 
16 32 S 3.39 63  1.65 17  3.95 80  1.34 183  1.97 34  1.06 142 
16 33 S 4.01 26  0.25 62  4.36 29  0.11 64  1.75 24 -0.56 112 
16 34 S 3.94 32  1.32 73  4.09 34  1.22 75  1.84 25  0.30 114 
16 35 S 4.50 55  0.12 93  4.43 54  0.14 93  1.50 25 -0.52 114 
17 36 Cl  4.19 30 -1.06 74  4.28 31  -1.11 75  1.85 29  -2.61 151 
17 38 Cl  6.14 57 -0.09 70  5.61 52  -0.04 69  1.17 15  -1.01 87 
18 38 Ar  4.21 59  1.36 107  4.21 59  1.35 107  1.51 18  1.30 80 
18 40 Ar  4.72 81  0.54 110  4.18 69  0.65 104  1.35 22  0.43 92 
18 41 Ar  5.78 53 -0.27 75  4.95 44  -0.02 72  1.32 18  -1.54 102 
19 40 K 4.73 23 -1.54 58  4.60 22  -1.47 57  1.66 22  -2.93 131 
19 41 K 5.61 11 -0.13 26  5.10 9  0.05 24  1.43 8  -1.64 60 
19 42 K 4.40 37 -3.03 85  3.94 31  -2.79 79  1.85 26  -4.58 147 
20 40 Ca  5.27 74  3.61 87  5.29 88  2.88 112  1.45 20  2.28 89 
20 41 Ca  5.65 20  0.50 35  5.69 20  0.49 35  1.30 10 -0.20 62 
20 43 Ca  5.77 35 -0.69 53  5.23 30  -0.56 50  1.38 13  -1.96 80 
20 44 Ca  5.93 27  1.06 49  5.36 23  1.18 47  1.34 8 -0.03 61 
20 45 Ca  6.38 30  0.13 44  5.70 26  0.22 43  1.23 9 -1.02 63 
21 46 Sc  5.82 14 -2.22 34  5.41 13  -2.08 32  1.44 10  -3.77 76 
22 47 Ti  5.14 30 -1.35 74  4.96 28  -1.26 72  1.65 16  -2.94 110 
22 48 Ti  5.67 20  0.59 42  5.47 19  0.66 41  1.47 8 -0.73 60 
22 49 Ti  6.36 31  0.07 49  6.18 30  0.10 49  1.25 10 -0.89 70 
22 50 Ti  6.06 33  2.13 50  6.02 33  2.14 50  1.30 8  1.19 58 
22 51 Ti  5.74 85  0.11 87  5.72 84  0.11 87  1.29 24 -0.55 100 
23 51 V 7.06 29  0.93 35  7.15 30  0.92 35  1.23 7 -0.37 50 
23 52 V 6.34 29 -0.94 39  6.36 29  -0.94 39  1.23 8  -1.76 57 
24 51 Cr  5.91 18 -0.41 38  6.20 20  -0.49 39  1.42 8  -1.68 61 
24 53 Cr  5.66 26 -0.46 55  5.88 27  -0.53 56  1.46 12  -1.60 80 
24 54 Cr  5.73 24  0.60 51  5.77 24  0.59 51  1.44 9 -0.48 68 
24 55 Cr  6.30 27 -0.49 41  6.11 26  -0.45 41  1.27 14  -1.45 78 
25 56 Mn  6.28 30 -2.31 45  6.35 31  -2.33 46  1.39 10  -3.94 69 
26 55 Fe  5.73 22 -0.62 54  6.56 29  -0.94 59  1.49 14  -1.84 94 
26 57 Fe  5.92 19 -1.34 36  6.25 21  -1.45 37  1.47 9  -2.83 61 
26 58 Fe  6.26 24  0.55 42  6.37 25  0.52 42  1.37 8 -0.62 60 
26 59 Fe  6.75 37 -0.91 45  6.64 36  -0.89 44  1.24 11  -2.00 68 
27 60 Co  7.23 19 -1.37 25  7.41 20  -1.40 25  1.1 8  -2.61 55 
28 59 Ni  6.10 21 -0.84 47  7.11 28  -1.19 53  1.43 9  -2.10 72 
28 60 Ni  6.05 40  0.28 61  6.69 46  0.08 65  1.44 12 -0.85 77 
28 61 Ni  6.79 16 -0.69 29  7.23 18  -0.79 30  1.28 8  -1.96 60 
28 62 Ni  6.52 21  0.54 43  6.70 22  0.50 44  1.33 7 -0.48 60 
28 63 Ni  7.08 38 -1.08 51  7.05 38  -1.07 51  1.20 11  -2.11 77 
28 65 Ni  8.31 40 -0.03 38  7.85 41  -0.04 43  1.03 8  -1.20 58 
29 64 Cu  7.26 22 -1.99 36  7.35 22  -2.02 37  1.27 7  -3.64 58 
29 66 Cu  8.01 23 -1.28 29  7.69 21  -1.22 28  1.12 5  -2.70 45 
30 65 Zn  7.86 23 -0.91 36  7.83 23  -0.91 36  1.16 6  -2.32 56 
30 67 Zn  8.30 24 -0.95 29  7.76 22  -0.88 29  1.07 8  -2.16 60 
30 68 Zn  8.42 26  1.14 30  7.88 24  1.21 30  1.05 5  0.13 41 
30 69 Zn  9.03 29 -0.50 31  8.15 25  -0.41 29  0.98 6  -1.67 47 
30 71 Zn  10.14 49  0.09 38  8.96 42  0.22 38  0.87 7 -1.03 49 
31 70 Ga  10.09 37 -0.66 25  9.22 33  -0.59 24  0.91 5  -1.81 41 
32 72 Ga  9.91 31 -1.23 23  8.77 26  -1.13 22  0.92 5  -2.44 39 
32 71 Ge  9.82 40 -0.91 23  8.76 35  -0.80 22  0.95 5  -2.29 38 
32 73 Ge  9.67 33 -1.15 23  8.40 27  -1.04 22  0.95 5  -2.35 40 
32 74 Ge  9.96 34  0.77 21  8.82 30  0.88 20  0.91 4 -0.29 30 
32 75 Ge  9.14 55 -1.16 29  8.06 48  -1.06 28  0.98 8  -2.28 47 
32 77 Ge  9.29 53 -1.15 33  8.52 48  -1.09 32  0.96 8  -2.14 53 
33 76 As 10.39 20  -1.89 18  9.21 17  -1.75 17  0.96 3  -3.59 32 
34 75 Se  10.12 30 -1.25 21  8.95 25  -1.12 20  0.96 6  -2.77 49 
34 77 Se  10.10 26 -1.18 25  8.86 22  -1.06 23  0.94 6  -2.50 53 
34 78 Se  10.25 34  0.75 18  9.13 30  0.84 17  0.93 4 -0.32 29 
34 79 Se  9.41 39 -1.15 24  8.41 34  -1.04 23  0.99 6  -2.37 41 
34 81 Se  10.83 35 -0.06 21  10.22 33  -0.01 21  0.83 4  -1.00 32 
34 83 Se  10.09 42 -0.71 31  10.12 42  -0.71 31  0.90 6  -1.76 47 
35 80 Br  10.65 19 -1.74 17  9.62 17  -1.62 16  0.94 3  -3.37 30 
35 82 Br  10.70 26 -1.12 20  10.10 24  -1.07 19  0.90 4  -2.34 34 
36 79 Kr  10.29 41 -1.22 20  9.22 36  -1.12 19  0.95 5  -2.62 35 
36 81 Kr  11.17 34 -0.66 20  10.03 30  -0.57 19  0.87 4  -1.91 34 
36 84 Kr  8.93 32  0.97 28  8.74 31  0.99 28  0.98 4  0.25 37 
36 85 Kr  12.47 37  0.87 15  12.48 38  0.87 50  0.73 3 -0.02 22 
37 86 Rb  9.53 26 -0.64 22  9.85 27  -0.67 22  0.99 4  -1.71 35 
37 88 Rb  9.81 36 -0.54 25  10.34 39  -0.59 25  0.91 5  -1.39 37 
38 85 Sr  10.93 54 -0.18 21  10.48 52  -0.14 20  0.88 5  -1.30 33 
38 87 Sr  9.11 44 -0.10 38  9.43 46  -0.16 38  1.04 11  1.28 74 
38 88 Sr  8.95 41  1.97 30  9.71 45  1.88 31  0.97 5  1.31 37 
38 89 Sr  9.63 39  0.87 28  10.51 44  0.80 29  0.88 6  0.25 39 
39 90 Y 9.03 32 -0.57 33  9.81 36  -0.67 34  1.01 6  -1.48 48 
40 91 Zr  10.03 44  0.52 25  11.05 50  0.39 26  0.89 5 -0.23 36 
40 92 Zr  9.99 34  1.07 25  10.47 36  1.03 25  0.90 4  0.29 33 
40 93 Zr  10.72 52  0.10 33  10.95 53  0.08 33  0.86 6 -0.85 45 
40 94 Zr  12.02 46  1.13 31  11.86 45  1.16 31  0.76 4  0.35 36 
40 95 Zr  11.89 63  0.59 31  11.63 61  0.60 31  0.76 5 -0.19 40 
40 97 Zr  11.77 66  0.81 30  11.06 61  0.83 29  0.71 5  0.38 37 
41 94 Nb  10.88 26 -1.37 20  11.07 27  -1.39 21  0.86 3  -2.44 33 
42 93 Mo  9.78 34  0.21 26  11.31 41  0.08 27  0.94 5 -0.60 38 
42 95 Mo  10.56 29 -0.52 28  11.04 31  -0.56 29  0.89 6  -1.41 51 
42 96 Mo  10.90 21  0.59 21  10.88 21  0.60 21  0.87 4 -0.29 35 
42 97 Mo  11.14 36 -0.81 21  10.83 35  -0.78 21  0.87 4  -1.91 34 
42 98 Mo  12.02 41  0.68 16  11.29 38  0.72 16  0.79 3 -0.18 25 
42 99 Mo  12.57 41 -0.64 17  11.37 36  -0.58 17  0.75 4  -1.53 29 
42 101 Mo  13.00 40 -1.11 16  11.21 33  -1.02 15  0.74 3  -2.17 27 
43 100 Tc  13.93 31 -1.26 15  12.95 29  -1.21 14  0.71 3  -2.44 25 
44 100 Ru  12.15 26  0.70 15  12.00 25  0.72 16  0.80 2 -0.16 25 
44 102 Ru  12.94 27  0.57 19  12.04 25  0.62 19  0.76 3 -0.30 32 
44 103 Ru  12.30 48 -1.18 18  11.11 43  -1.12 18  0.80 4  -2.27 32 
44 105 Ru  13.39 51 -1.31 21  11.81 44  -1.21 20  0.75 4  -2.55 34 
45 104 Rh  13.33 22 -1.75 15  12.50 20  -1.68 14  0.81 4  -3.38 39 
46 105 Pd  12.79 26 -0.81 16  12.35 25  -0.79 16  0.78 3  -1.88 28 
46 106 Pd  13.42 16  0.68 14  12.71 15  0.73 14  0.75 2 -0.29 26 
46 107 Pd  13.46 56 -0.77 19  12.37 51  -0.73 18  0.72 4  -1.63 32 
46 108 Pd  14.34 22  1.07 14  13.09 19  1.13 14  0.70 2  0.18 21 
46 109 Pd  14.02 34 -1.19 18  12.60 30  -1.11 17  0.72 5  -2.34 40 
46 111 Pd  15.84 66 -0.71 16  14.05 57  -0.66 16  0.62 4  -1.56 28 
47 108 Ag  14.27 29 -1.18 14  13.68 27  -1.15 14  0.74 4  -2.47 34 
47 110 Ag  14.93 19 -1.55 12  13.85 17  -1.48 11  0.73 3  -3.10 32 
48 107 Cd  12.84 42 -0.51 17  13.54 45  -0.55 17  0.79 3  -1.63 28 
48 109 Cd  14.04 45 -0.33 16  13.92 45  -0.33 16  0.72 3  -1.36 26 
48 111 Cd  14.04 27 -0.52 13  13.43 26  -0.49 13  0.72 2  -1.64 22 
48 112 Cd  14.25 30  0.77 18  13.50 29  0.81 17  0.71 3 -0.06 30 
48 113 Cd  14.17 29 -0.74 13  13.25 26  -0.69 12  0.72 2  -1.90 22 
48 114 Cd  14.73 20  0.92 12  13.81 18  0.99 12  0.71 2 -0.23 23 
48 115 Cd  15.06 35 -0.43 13  14.01 32  -0.39 13  0.66 2  -1.37 22 
48 117 Cd  15.27 53 -0.25 15  14.41 49  -0.22 15  0.63 3  -1.04 24 
49 114 In  14.23 38 -0.68 19  13.84 37  -0.67 19  0.69 4  -1.52 38 
49 116 In  14.76 23 -1.12 16  14.22 21  -1.09 16  0.69 4  -2.26 36 
60 113 Sn  13.67 56 -0.03 18  14.16 59  -0.06 18  0.74 4  -1.06 27 
50 115 Sn  14.07 68  0.52 25  14.37 70  0.51 25  0.70 4 -0.33 33 
50 116 Sn  14.13 40  1.66 11  13.99 40  1.67 11  0.73 2  0.52 17 
50 117 Sn  14.15 66  0.21 18  14.16 66  0.21 18  0.69 4 -0.68 27 
50 118 Sn  13.53 27  0.96 20  13.33 26  0.97 20  0.74 3  0.21 30 
50 119 Sn  14.38 42  0.05 15  14.42 42  0.04 15  0.68 3 -0.85 23 
50 120 Sn  13.14 40  0.85 22  13.17 40  0.85 22  0.76 3  0.12 32 
50 121 Sn  12.23 35 -0.66 22  12.63 37  -0.69 23  0.79 4  -1.47 34 
50 123 Sn  12.84 62 -0.47 24  14.07 70  -0.54 25  0.74 5  -1.20 36 
50 125 Sn  12.10 58 -0.20 27  14.44 73  -0.36 28  0.77 5  -0.83 37 
51 122 Sb  14.78 29 -1.13 16  14.90 30  -1.14 16  0.70 4  -2.21 35 
51 124 Sb  14.14 25 -1.22 14  14.94 27  -1.26 15  0.71 3  -2.25 32 
52 123 Te  15.12 26 -0.21 11  14.84 25  -0.20 11  0.68 2  -1.27 18 
52 124 Te  15.04 30  1.00 11  15.10 31  1.00 11  0.71 2 -0.10 18 
52 125 Te  15.51 25 -0.07 9  15.80 26  -0.10 9  0.67 2  -1.19 15 
52 126 Te  14.36 24  0.88 10  15.17 26  0.85 11  0.72 2 -0.08 17 
52 127 Te  13.89 40 -0.44 13  15.08 44  -0.51 14  0.73 3  -1.50 21 
52 129 Te  14.21 47 -0.18 14  16.96 59  -0.33 15  0.69 3  -1.09 22 
52 131 Te  14.18 43  0.17 15  19.36 65 -0.08 17  0.68 3  -0.63 22 
53 128 I  14.01 33 -1.64 17  14.81 36  -1.70 18  0.76 5  -2.89 41 
53 130 I  12.87 25 -2.07 21  14.52 31  -2.23 22  0.81 5  -3.34 50 
54 129 Xe  13.39 68 -0.94 21  13.84 71  -0.97 21  0.76 5  -1.88 34 
54 130 Xe  14.05 25  0.73 14  14.94 27  0.68 14  0.73 2 -0.08 22 
54 131 Xe  14.41 51 -0.66 20  15.85 58  -0.73 21  0.70 4  -1.50 32 
54 132 Xe  13.50 55  0.95 16  15.49 63  0.84 17  0.75 3  0.08 24 
54 133 Xe  13.37 62 -0.48 24  16.15 80  -0.63 26  0.73 5  -1.18 36 
54 135 Xe  14.15 81  0.58 20  19.86 119  0.36 22  0.68 5 -0.12 26 
54 137 Xe  15.71 44  0.38 25  23.37 225  0.23 27  0.54 6 -0.03 29 
55 134 Cs  13.37 22  -1.65 16  15.28 27  -1.81 18  0.78 4  -2.82 37 
55 135 Cs  12.50 40  -0.77 33  14.86 54  -0.97 36  0.80 4  -1.50 51 
56 131 Ba  14.90 36 -0.65 17  14.89 35  -0.65 17  0.71 3  -1.72 27 
56 133 Ba  14.44 59 -0.72 20  15.04 62  -0.75 20  0.72 4  -1.73 31 
56 135 Ba  13.11 40 -0.86 30  14.58 47  -0.96 32  0.77 4  -1.66 46 
56 136 Ba  13.49 30  0.69 17  15.65 37  0.57 19  0.75 3 -0.03 27 
56 137 Ba  13.58 34  0.45 20  16.85 47  0.29 21  0.72 3 -0.25 28 
56 138 Ba  12.39 39  1.12 22  15.60 54  0.88 24  0.79 3  0.48 30 
56 139 Ba  12.69 65  0.04 29  16.05 90 -0.14 32  0.72 6  -0.48 41 
57 139 La  12.27 34 -0.22 23  14.87 45  -0.47 25  0.79 3  -0.83 32 
57 140 La  13.52 40 -1.20 19  16.17 51  -1.35 21  0.71 5  -1.91 38 
58 137 Ce  16.30 67 -0.01 15  17.18 76  -0.08 17  0.65 3  -0.91 26 
58 141 Ce  15.39 51  0.62 17  18.08 63  0.55 18  0.60 3  0.11 24 
58 142 Ce  15.48 58  0.90 16  17.34 66  0.83 17  0.62 4  0.22 26 
58 143 Ce  15.83 99 -0.25 20  17.21 111  -0.30 21  0.61 7  -0.84 41 
59 142 Pr  13.97 69 -1.05 38  15.73 82  -1.14 40  0.71 9  -1.78 73 
60 143 Nd  15.54 38  0.40 17  17.37 44  0.33 17  0.64 3 -0.36 26 
60 144 Nd  15.40 28  0.95 12  16.44 30  0.91 12  0.64 2  0.29 20 
60 145 Nd  17.08 35  0.25 11  17.78 37  0.23 12  0.59 2 -0.55 17 
60 146 Nd  16.12 38  0.51 13  16.25 38  0.51 13  0.63 2 -0.25 19 
60 147 Nd  16.96 50 -0.62 17  16.63 49  -0.61 17  0.60 3  -1.39 28 
60 148 Nd  19.70 103  0.70 16  18.90 98  0.72 16  0.53 3 -0.07 22 
60 149 Nd  18.57 38 -0.65 11  17.51 35  -0.62 11  0.55 2  -1.48 18 
60 151 Nd  17.26 34 -0.91 14  16.55 32  -0.89 14  0.60 2  -1.76 24 
61 148 Pm  17.33 59 -1.48 22  16.79 56  -1.45 22  0.62 3  -2.57 36 
62 145 Sm  14.82 28  0.43 14  16.38 32  0.37 14  0.66 2 -0.19 21 
62 148 Sm  17.34 23  0.77 9  17.05 23  0.78 9  0.60 1 -0.01 15 
62 149 Sm  17.95 44 -0.39 11  17.14 42  -0.37 10  0.57 2  -1.12 18 
62 150 Sm  18.77 29  0.64 8  17.57 27  0.66 8  0.56 1 -0.15 14 
62 151 Sm  18.55 41 -0.98 14  17.02 37  -0.93 14  0.59 4  -2.08 34 
62 152 Sm  18.96 26  0.45 10  17.61 24  0.48 10  0.56 2 -0.25 18 
62 153 Sm  17.76 28 -1.08 13  16.62 25  -1.05 12  0.61 3  -2.06 29 
62 155 Sm  17.19 35 -0.80 15  16.77 33  -0.79 15  0.61 3  -1.68 32 
63 152 Eu  19.62 20 -1.60 8  18.09 18  -1.54 8  0.60 2  -3.03 22 
63 153 Eu  17.27 27 -0.83 12  15.98 24  -0.78 11  0.65 3  -1.88 26 
63 154 Eu  19.13 31 -1.43 8  17.92 29  -1.38 8  0.60 3  -2.77 22 
63 155 Eu  17.73 27 -0.54 11  16.87 26  -0.51 11  0.63 2  -1.54 28 
63 156 Eu  17.51 66 -1.34 15  16.97 64  -1.32 15  0.63 3  -2.44 25 
64 153 Gd  19.29 38 -0.87 8  17.59 34  -0.82 8  0.58 3  -1.94 21 
64 155 Gd  19.35 34 -0.67 13  17.94 31  -0.62 13  0.58 2  -1.74 22 
64 156 Gd  18.45 21  0.36 9  17.43 20  0.39 8  0.60 2 -0.61 17 
64 157 Gd  18.36 44 -0.70 12  17.61 42  -0.68 12  0.59 2  -1.63 20 
64 158 Gd  17.91 13  0.28 8  17.45 13  0.29 8  0.61 1 -0.69 16 
64 159 Gd  17.71 27 -0.71 12  17.45 27  -0.70 11  0.61 2  -1.68 19 
64 161 Gd  17.29 32 -0.57 12  17.53 32  -0.57 12  0.59 2  -1.25 21 
65 160 Tb  18.20 24 -1.28 11  17.82 23  -1.26 11  0.61 2  -2.39 20 
66 157 Dy  19.46 63 -0.94 13  18.06 58  -0.90 13  0.58 2  -2.02 24 
66 159 Dy  17.62 91 -0.86 17  16.71 86  -0.83 17  0.62 4  -1.75 29 
66 161 Dy  18.06 37 -0.88 14  17.51 36  -0.86 14  0.61 3  -1.87 31 
66 162 Dy  18.08 21  0.30 9  17.81 20  0.31 9  0.60 1 -0.58 15 
66 163 Dy  17.31 27 -0.84 13  17.36 27  -0.84 13  0.62 2  -1.76 21 
66 164 Dy  17.75 23  0.38 10  18.06 24  0.37 10  0.60 1 -0.42 15 
66 165 Dy  16.90 29 -0.94 14  17.32 30  -0.96 14  0.62 2  -1.77 23 
67 166 Ho  18.29 27 -1.00 9  18.63 28  -1.01 9  0.59 1  -1.94 16 
68 163 Er  19.20 50 -0.80 12  18.27 47  -0.77 12  0.58 2  -1.78 21 
68 165 Er  18.34 40 -0.74 10  17.89 39  -0.73 9  0.60 2  -1.72 17 
68 167 Er  18.19 24 -0.65 10  18.38 24  -0.65 10  0.60 1  -1.50 17 
68 168 Er  17.79 15  0.26 7  18.17 16  0.25 7  0.60 1 -0.62 14 
68 169 Er  17.57 25 -0.67 11  18.13 26  -0.69 11  0.60 2  -1.43 24 
68 171 Er  17.67 41 -0.68 16  18.55 44  -0.70 16  0.59 2  -1.33 26 
69 170 Tm  18.38 25 -1.05 11  18.79 26  -1.07 11  0.61 2  -2.05 20 
69 171 Tm  19.39 49  0.05 13  19.83 54 -0.02 14  0.58 2  -0.89 21 
70 169 Yb  19.90 65 -0.50 10  19.57 64  -0.49 10  0.55 3  -1.33 23 
70 170 Yb  18.16 19  0.38 11  18.06 19  0.38 11  0.61 1 -0.61 17 
70 171 Yb  18.47 37 -0.45 9  18.63 38  -0.45 9  0.58 2  -1.21 17 
70 172 Yb  18.88 18  0.32 8  19.29 18  0.31 8  0.59 2 -0.50 16 
70 173 Yb  18.34 38 -0.25 18  19.07 40  -0.27 18  0.57 2  -0.89 30 
70 174 Yb  18.29 35  0.45 17  19.11 37  0.43 17  0.57 2 -0.17 26 
70 175 Yb  17.91 35 -0.41 13  18.88 37  -0.43 13  0.58 2  -1.06 21 
70 177 Yb  18.06 35 -0.52 13  19.18 38  -0.54 13  0.57 2  -1.16 21 
71 176 Lu  19.55 30 -0.71 8  20.20 32  -0.73 8  0.56 1  -1.57 13 
71 177 Lu  18.22 61 -0.42 15  18.74 64  -0.43 15  0.55 2  -0.94 21 
72 175 Hf  19.08 55 -0.53 10  19.06 55  -0.53 10  0.57 2  -1.28 19 
72 177 Hf  19.21 50 -0.50 12  19.55 52  -0.51 12  0.56 2  -1.23 21 
72 178 Hf  19.07 24  0.23 8  19.57 25  0.21 8  0.57 2 -0.58 24 
72 179 Hf  19.18 25 -0.35 9  19.81 26  -0.37 9  0.56 2  -1.13 18 
72 180 Hf  17.86 22 -0.03 10  18.67 23  -0.04 10  0.59 2  -0.80 22 
72 181 Hf  19.68 43 -0.21 11  20.72 46  -0.24 11  0.53 2  -0.85 18 
73 181 Ta  20.52 49 -0.29 15  21.31 51  -0.30 15  0.54 2  -0.87 26 
73 182 Ta  19.06 23 -0.96 9  19.96 25  -0.99 9  0.57 1  -1.87 16 
73 183 Ta  17.70 46 -0.76 17  18.44 49  -0.79 17  0.60 2  -1.51 26 
74 181 W  19.07 75 -0.55 15  19.64 77  -0.56 16  0.58 3  -1.38 26 
74 183 W  19.22 30 -0.24 10  20.24 33  -0.27 11  0.55 2  -0.92 17 
74 184 W  18.76 30  0.08 14  19.72 33  0.04 14  0.58 2 -0.64 21 
74 185 W  19.45 28 -0.50 8  20.54 30  -0.52 8  0.56 1  -1.30 14 
74 187 W  19.14 36 -0.81 13  20.44 40  -0.85 14  0.57 2  -1.63 22 
75 186 Re  19.87 28 -0.90 10  21.05 31  -0.93 10  0.56 1  -1.76 18 
75 188 Re  19.93 26 -1.00 10  21.45 29  -1.04 10  0.55 1  -1.88 17 
76 187 O  19.07 29  -0.78 11  20.08 32  -0.81 11  0.58 2  -1.57 19 
76 188 O  19.88 37  0.34 12  21.23 37  0.32 11  0.58 2  -0.63 19 
76 189 O  18.60 38  -1.04 15  19.97 42  -1.08 15  0.59 2  -1.87 25 
76 190 O  19.44 26  0.29 11  21.32 29  0.24 12  0.56 2  -0.33 20 
76 191 O  18.29 37  -1.07 13  20.39 43  -1.14 13  0.60 2  -1.91 21 
76 193 O  18.06 42  -1.00 19  21.24 54  -1.11 20  0.59 3  -1.69 30 
77 192 Ir  19.45 45 -1.55 13  21.77 53  -1.65 13  0.60 2  -2.74 22 
77 193 Ir  22.77 58 -0.30 9  26.11 67  -0.38 9  0.52 2  -1.21 15 
77 194 Ir  17.98 61 -1.66 15  21.23 75  -1.84 17  0.64 3  -2.78 25 
78 193 Pt  19.15 78 -1.02 17  21.55 90  -1.10 18  0.58 3  -1.87 27 
78 195 Pt  15.30 79 -1.57 24  18.25 99  -1.77 26  0.72 5  -2.43 36 
78 196 Pt  17.97 29  0.38 10  22.53 38  0.21 10  0.61 2 -0.33 18 
78 197 Pt  14.91 63 -1.61 25  18.99 89  -1.90 29  0.72 4  -2.38 39 
78 199 Pt  16.06 64 -1.25 23  22.16 101  -1.57 27  0.66 4  -1.90 35 
79 198 Au  16.00 22 -1.72 16  20.98 36  -2.12 18  0.71 3  -2.74 35 
80 199 Hg  15.82 69 -1.27 26  21.56 107  -1.66 31  0.69 4  -2.02 40 
80 200 Hg  14.29 26 -0.62 19  19.79 45  -1.22 23  0.77 4  -1.40 37 
80 201 Hg  13.39 54 -1.78 31  19.45 98  -2.46 40  0.80 5  -2.46 46 
80 202 Hg  13.79 56 -0.61 22  20.93 102  -1.38 29  0.77 4  -1.23 31 
81 204 Tl  12.90 41 -1.96 28  20.45 94  -3.21 40  0.84 4  -2.72 42 
81 206 Tl  10.41 54 -1.25 32  18.33 136  -3.13 53  0.98 7  -1.62 44 
82 205 Pb  12.71 56 -0.61 22  21.47 114  -1.60 31  0.81 4  -1.08 30 
82 207 Pb  11.08 54  0.60 42  19.85 158 -1.73 67  0.91 9  0.23 57 
82 208 Pb  10.01 60  1.17 39  18.41 168 -0.67 64  1.06 11  0.52 67 
82 209 Pb  11.22 58  0.61 55  27.12 355  0.31 51  0.77 12  0.69 49 
83 210 Bi  11.40 49 -1.24 29  19.73 118  -2.21 42  0.82 8  -1.43 53 
88 227 Ra  24.33 65 -0.86 12  22.91 60  -0.84 12  0.46 2  -1.56 20 
90 229 Th  25.35 88 -0.77 15  24.01 179  -0.76 15  0.45 3  -1.49 22 
90 230 Th  24.33 46  0.05 9  23.13 43  0.06 8  0.47 1 -0.59 14 
90 231 Th  26.41 41 -0.42 8  25.17 39  -0.40 7  0.43 2  -1.16 17 
90 233 Th  25.98 34 -0.58 9  24.75 32  -0.57 9  0.43 1  -1.29 15 
91 233 Pa  22.27 44 -0.98 9  21.32 42  -0.96 9  0.53 2  -1.87 16 
91 234 Pa  28.01 62 -0.70 13  26.92 59  -0.69 13  0.41 2  -1.37 23 
92 233 U  25.37 43 -0.51 9  24.69 42  -0.50 9  0.45 1  -1.17 16 
92 234 U  25.24 22  0.30 6  24.52 21  0.30 6  0.45 1 -0.38 11 
92 235 U  25.08 30 -0.51 9  24.44 29  -0.50 9  0.45 2  -1.22 20 
92 236 U  25.76 21  0.14 7  25.07 20  0.15 7  0.44 1 -0.46 13 
92 237 U  25.60 39 -0.43 12  25.04 38  -0.42 12  0.43 2  -1.02 23 
92 238 U  25.26 35  0.06 8  24.48 34  0.07 8  0.45 1 -0.59 14 
92 239 U  26.67 31 -0.31 9  25.95 30  -0.30 9  0.42 2  -0.92 18 
93 237 Np  25.01 27 -0.40 6  24.47 26  -0.39 6  0.47 1  -1.14 12 
93 238 Np  25.96 33 -0.84 11  25.55 32  -0.84 11  0.45 2  -1.64 24 
93 239 Np  25.26 58 -0.63 8  24.65 55  -0.62 8  0.46 1  -1.34 15 
94 239 Pu  25.23 49 -0.30 11  25.22 49  -0.30 11  0.45 1  -0.91 14 
94 240 Pu  25.16 20  0.12 8  24.97 20  0.13 8  0.46 1 -0.50 15 
94 241 Pu  26.03 29 -0.32 7  25.86 29  -0.32 7  0.42 1  -0.90 13 
94 242 Pu  28.97 51  0.34 10  28.57 50  0.34 10  0.40 1 -0.22 15 
94 243 Pu  27.20 40 -0.19 7  26.93 39  -0.19 7  0.41 1  -0.74 12 
94 245 Pu  27.63 64 -0.19 12  27.20 62  -0.19 12  0.39 2  -0.57 20 
95 242 Am  26.19 23 -0.74 7  26.22 23  -0.74 7  0.44 1  -1.49 15 
95 243 Am  26.42 48 -0.43 8  26.20 47  -0.43 8  0.44 1  -1.05 15 
95 244 Am  26.02 29 -0.84 7  25.96 29  -0.84 7  0.45 1  -1.67 12 
96 243 Cm  24.39 43 -0.26 9  24.70 44  -0.26 9  0.46 1  -0.82 15 
96 244 Cm  24.63 61  0.17 16  24.92 62  0.17 16  0.46 2 -0.34 23 
96 245 Cm  24.96 33 -0.39 8  25.38 34  -0.40 8  0.45 1  -0.99 13 
96 246 Cm  27.56 44  0.42 7  27.81 45  0.42 7  0.42 1 -0.29 12 
96 247 Cm  23.64 54 -0.62 12  23.89 54  -0.62 12  0.47 2  -1.17 20 
96 248 Cm  25.03 62  0.29 13  24.99 62  0.30 13  0.43 2 -0.18 25 
96 249 Cm  25.53 57 -0.57 10  25.42 57  -0.56 10  0.43 2  -1.11 16 
97 250 Bk  25.86 38 -0.94 9  25.95 38  -0.95 9  0.44 1  -1.66 16 
98 250 Cf  24.74 35  0.20 9  25.42 36  0.19 9  0.45 1 -0.31 16 
98 251 Cf  26.34 49 -0.43 7  26.96 50  -0.43 7  0.42 1  -0.99 13 
